header: 
  seq: 2172
  stamp: 
    secs: 1515079474
    nsecs: 803040888
  frame_id: "base_link"
height: 1
width: 8
fields: 
  - 
    name: "x"
    offset: 0
    datatype: 7
    count: 1
  - 
    name: "y"
    offset: 4
    datatype: 7
    count: 1
  - 
    name: "z"
    offset: 8
    datatype: 7
    count: 1
  - 
    name: "rgba"
    offset: 12
    datatype: 7
    count: 1
is_bigendian: False
point_step: 16
row_step: 128
data: [136, 10, 201, 64, 22, 238, 158, 63, 205, 204, 204, 61, 0, 255, 0, 192, 154, 153, 137, 64, 205, 204, 76, 62, 205, 204, 204, 61, 0, 0, 255, 192, 205, 204, 204, 64, 205, 204, 76, 190, 205, 204, 204, 61, 0, 255, 0, 192, 136, 10, 201, 64, 21, 238, 158, 191, 205, 204, 204, 61, 0, 255, 0, 192, 16, 21, 82, 192, 23, 238, 158, 63, 205, 204, 204, 61, 0, 255, 0, 192, 154, 153, 89, 192, 191, 204, 76, 62, 205, 204, 204, 61, 0, 255, 0, 192, 154, 153, 89, 192, 219, 204, 76, 190, 205, 204, 204, 61, 0, 255, 0, 192, 17, 21, 82, 192, 22, 238, 158, 191, 205, 204, 204, 61, 0, 255, 0, 192]
is_dense: True
********
header: 
  seq: 2173
  stamp: 
    secs: 1515079474
    nsecs: 955590501
  frame_id: "base_link"
height: 1
width: 8
fields: 
  - 
    name: "x"
    offset: 0
    datatype: 7
    count: 1
  - 
    name: "y"
    offset: 4
    datatype: 7
    count: 1
  - 
    name: "z"
    offset: 8
    datatype: 7
    count: 1
  - 
    name: "rgba"
    offset: 12
    datatype: 7
    count: 1
is_bigendian: False
point_step: 16
row_step: 128
data: [136, 10, 201, 64, 22, 238, 158, 63, 205, 204, 204, 61, 0, 255, 0, 192, 205, 204, 204, 64, 205, 204, 76, 62, 205, 204, 204, 61, 0, 255, 0, 192, 205, 204, 204, 64, 205, 204, 76, 190, 205, 204, 204, 61, 0, 255, 0, 192, 136, 10, 201, 64, 21, 238, 158, 191, 205, 204, 204, 61, 0, 255, 0, 192, 16, 21, 82, 192, 23, 238, 158, 63, 205, 204, 204, 61, 0, 255, 0, 192, 154, 153, 89, 192, 191, 204, 76, 62, 205, 204, 204, 61, 0, 255, 0, 192, 154, 153, 89, 192, 219, 204, 76, 190, 205, 204, 204, 61, 0, 255, 0, 192, 17, 21, 82, 192, 22, 238, 158, 191, 205, 204, 204, 61, 0, 255, 0, 192]
is_dense: True
********
header: 
  seq: 2174
  stamp: 
    secs: 1515079475
    nsecs: 156695446
  frame_id: "base_link"
height: 1
width: 8
fields: 
  - 
    name: "x"
    offset: 0
    datatype: 7
    count: 1
  - 
    name: "y"
    offset: 4
    datatype: 7
    count: 1
  - 
    name: "z"
    offset: 8
    datatype: 7
    count: 1
  - 
    name: "rgba"
    offset: 12
    datatype: 7
    count: 1
is_bigendian: False
point_step: 16
row_step: 128
data: [136, 10, 201, 64, 22, 238, 158, 63, 205, 204, 204, 61, 0, 255, 0, 192, 205, 204, 204, 64, 205, 204, 76, 62, 205, 204, 204, 61, 0, 255, 0, 192, 205, 204, 204, 64, 205, 204, 76, 190, 205, 204, 204, 61, 0, 255, 0, 192, 136, 10, 201, 64, 21, 238, 158, 191, 205, 204, 204, 61, 0, 255, 0, 192, 16, 21, 82, 192, 23, 238, 158, 63, 205, 204, 204, 61, 0, 255, 0, 192, 154, 153, 89, 192, 191, 204, 76, 62, 205, 204, 204, 61, 0, 255, 0, 192, 154, 153, 89, 192, 219, 204, 76, 190, 205, 204, 204, 61, 0, 255, 0, 192, 17, 21, 82, 192, 22, 238, 158, 191, 205, 204, 204, 61, 0, 255, 0, 192]
is_dense: True
********
header: 
  seq: 2175
  stamp: 
    secs: 1515079475
    nsecs: 357923073
  frame_id: "base_link"
height: 1
width: 8
fields: 
  - 
    name: "x"
    offset: 0
    datatype: 7
    count: 1
  - 
    name: "y"
    offset: 4
    datatype: 7
    count: 1
  - 
    name: "z"
    offset: 8
    datatype: 7
    count: 1
  - 
    name: "rgba"
    offset: 12
    datatype: 7
    count: 1
is_bigendian: False
point_step: 16
row_step: 128
data: [136, 10, 201, 64, 22, 238, 158, 63, 205, 204, 204, 61, 0, 255, 0, 192, 205, 204, 204, 64, 205, 204, 76, 62, 205, 204, 204, 61, 0, 255, 0, 192, 205, 204, 204, 64, 205, 204, 76, 190, 205, 204, 204, 61, 0, 255, 0, 192, 136, 10, 201, 64, 21, 238, 158, 191, 205, 204, 204, 61, 0, 255, 0, 192, 16, 21, 82, 192, 23, 238, 158, 63, 205, 204, 204, 61, 0, 255, 0, 192, 154, 153, 89, 192, 191, 204, 76, 62, 205, 204, 204, 61, 0, 255, 0, 192, 154, 153, 89, 192, 219, 204, 76, 190, 205, 204, 204, 61, 0, 255, 0, 192, 17, 21, 82, 192, 22, 238, 158, 191, 205, 204, 204, 61, 0, 255, 0, 192]
is_dense: True
********
header: 
  seq: 2176
  stamp: 
    secs: 1515079475
    nsecs: 559277094
  frame_id: "base_link"
height: 1
width: 8
fields: 
  - 
    name: "x"
    offset: 0
    datatype: 7
    count: 1
  - 
    name: "y"
    offset: 4
    datatype: 7
    count: 1
  - 
    name: "z"
    offset: 8
    datatype: 7
    count: 1
  - 
    name: "rgba"
    offset: 12
    datatype: 7
    count: 1
is_bigendian: False
point_step: 16
row_step: 128
data: [136, 10, 201, 64, 22, 238, 158, 63, 205, 204, 204, 61, 0, 255, 0, 192, 205, 204, 204, 64, 205, 204, 76, 62, 205, 204, 204, 61, 0, 255, 0, 192, 205, 204, 204, 64, 205, 204, 76, 190, 205, 204, 204, 61, 0, 255, 0, 192, 136, 10, 201, 64, 21, 238, 158, 191, 205, 204, 204, 61, 0, 255, 0, 192, 16, 21, 82, 192, 23, 238, 158, 63, 205, 204, 204, 61, 0, 255, 0, 192, 154, 153, 89, 192, 191, 204, 76, 62, 205, 204, 204, 61, 0, 255, 0, 192, 154, 153, 89, 192, 219, 204, 76, 190, 205, 204, 204, 61, 0, 255, 0, 192, 17, 21, 82, 192, 22, 238, 158, 191, 205, 204, 204, 61, 0, 255, 0, 192]
is_dense: True
********
header: 
  seq: 2177
  stamp: 
    secs: 1515079475
    nsecs: 760646856
  frame_id: "base_link"
height: 1
width: 8
fields: 
  - 
    name: "x"
    offset: 0
    datatype: 7
    count: 1
  - 
    name: "y"
    offset: 4
    datatype: 7
    count: 1
  - 
    name: "z"
    offset: 8
    datatype: 7
    count: 1
  - 
    name: "rgba"
    offset: 12
    datatype: 7
    count: 1
is_bigendian: False
point_step: 16
row_step: 128
data: [136, 10, 201, 64, 22, 238, 158, 63, 205, 204, 204, 61, 0, 255, 0, 192, 205, 204, 204, 64, 205, 204, 76, 62, 205, 204, 204, 61, 0, 255, 0, 192, 205, 204, 204, 64, 205, 204, 76, 190, 205, 204, 204, 61, 0, 255, 0, 192, 136, 10, 201, 64, 21, 238, 158, 191, 205, 204, 204, 61, 0, 255, 0, 192, 16, 21, 82, 192, 23, 238, 158, 63, 205, 204, 204, 61, 0, 255, 0, 192, 154, 153, 89, 192, 191, 204, 76, 62, 205, 204, 204, 61, 0, 255, 0, 192, 154, 153, 89, 192, 219, 204, 76, 190, 205, 204, 204, 61, 0, 255, 0, 192, 17, 21, 82, 192, 22, 238, 158, 191, 205, 204, 204, 61, 0, 255, 0, 192]
is_dense: True
********
header: 
  seq: 2178
  stamp: 
    secs: 1515079475
    nsecs: 961896716
  frame_id: "base_link"
height: 1
width: 8
fields: 
  - 
    name: "x"
    offset: 0
    datatype: 7
    count: 1
  - 
    name: "y"
    offset: 4
    datatype: 7
    count: 1
  - 
    name: "z"
    offset: 8
    datatype: 7
    count: 1
  - 
    name: "rgba"
    offset: 12
    datatype: 7
    count: 1
is_bigendian: False
point_step: 16
row_step: 128
data: [136, 10, 201, 64, 22, 238, 158, 63, 205, 204, 204, 61, 0, 255, 0, 192, 205, 204, 204, 64, 205, 204, 76, 62, 205, 204, 204, 61, 0, 255, 0, 192, 205, 204, 204, 64, 205, 204, 76, 190, 205, 204, 204, 61, 0, 255, 0, 192, 136, 10, 201, 64, 21, 238, 158, 191, 205, 204, 204, 61, 0, 255, 0, 192, 16, 21, 82, 192, 23, 238, 158, 63, 205, 204, 204, 61, 0, 255, 0, 192, 154, 153, 89, 192, 191, 204, 76, 62, 205, 204, 204, 61, 0, 255, 0, 192, 154, 153, 89, 192, 219, 204, 76, 190, 205, 204, 204, 61, 0, 255, 0, 192, 17, 21, 82, 192, 22, 238, 158, 191, 205, 204, 204, 61, 0, 255, 0, 192]
is_dense: True
********
header: 
  seq: 2179
  stamp: 
    secs: 1515079476
    nsecs: 163395613
  frame_id: "base_link"
height: 1
width: 8
fields: 
  - 
    name: "x"
    offset: 0
    datatype: 7
    count: 1
  - 
    name: "y"
    offset: 4
    datatype: 7
    count: 1
  - 
    name: "z"
    offset: 8
    datatype: 7
    count: 1
  - 
    name: "rgba"
    offset: 12
    datatype: 7
    count: 1
is_bigendian: False
point_step: 16
row_step: 128
data: [136, 10, 201, 64, 22, 238, 158, 63, 205, 204, 204, 61, 0, 255, 0, 192, 205, 204, 204, 64, 205, 204, 76, 62, 205, 204, 204, 61, 0, 255, 0, 192, 205, 204, 204, 64, 205, 204, 76, 190, 205, 204, 204, 61, 0, 255, 0, 192, 136, 10, 201, 64, 21, 238, 158, 191, 205, 204, 204, 61, 0, 255, 0, 192, 16, 21, 82, 192, 23, 238, 158, 63, 205, 204, 204, 61, 0, 255, 0, 192, 154, 153, 89, 192, 191, 204, 76, 62, 205, 204, 204, 61, 0, 255, 0, 192, 154, 153, 89, 192, 219, 204, 76, 190, 205, 204, 204, 61, 0, 255, 0, 192, 17, 21, 82, 192, 22, 238, 158, 191, 205, 204, 204, 61, 0, 255, 0, 192]
is_dense: True
********
header: 
  seq: 2180
  stamp: 
    secs: 1515079476
    nsecs: 364582388
  frame_id: "base_link"
height: 1
width: 8
fields: 
  - 
    name: "x"
    offset: 0
    datatype: 7
    count: 1
  - 
    name: "y"
    offset: 4
    datatype: 7
    count: 1
  - 
    name: "z"
    offset: 8
    datatype: 7
    count: 1
  - 
    name: "rgba"
    offset: 12
    datatype: 7
    count: 1
is_bigendian: False
point_step: 16
row_step: 128
data: [136, 10, 201, 64, 22, 238, 158, 63, 205, 204, 204, 61, 0, 255, 0, 192, 205, 204, 204, 64, 205, 204, 76, 62, 205, 204, 204, 61, 0, 255, 0, 192, 205, 204, 204, 64, 205, 204, 76, 190, 205, 204, 204, 61, 0, 255, 0, 192, 136, 10, 201, 64, 21, 238, 158, 191, 205, 204, 204, 61, 0, 255, 0, 192, 16, 21, 82, 192, 23, 238, 158, 63, 205, 204, 204, 61, 0, 255, 0, 192, 154, 153, 89, 192, 191, 204, 76, 62, 205, 204, 204, 61, 0, 255, 0, 192, 154, 153, 89, 192, 219, 204, 76, 190, 205, 204, 204, 61, 0, 255, 0, 192, 17, 21, 82, 192, 22, 238, 158, 191, 205, 204, 204, 61, 0, 255, 0, 192]
is_dense: True
********
header: 
  seq: 2181
  stamp: 
    secs: 1515079476
    nsecs: 565936715
  frame_id: "base_link"
height: 1
width: 8
fields: 
  - 
    name: "x"
    offset: 0
    datatype: 7
    count: 1
  - 
    name: "y"
    offset: 4
    datatype: 7
    count: 1
  - 
    name: "z"
    offset: 8
    datatype: 7
    count: 1
  - 
    name: "rgba"
    offset: 12
    datatype: 7
    count: 1
is_bigendian: False
point_step: 16
row_step: 128
data: [136, 10, 201, 64, 22, 238, 158, 63, 205, 204, 204, 61, 0, 255, 0, 192, 205, 204, 204, 64, 205, 204, 76, 62, 205, 204, 204, 61, 0, 255, 0, 192, 205, 204, 204, 64, 205, 204, 76, 190, 205, 204, 204, 61, 0, 255, 0, 192, 136, 10, 201, 64, 21, 238, 158, 191, 205, 204, 204, 61, 0, 255, 0, 192, 16, 21, 82, 192, 23, 238, 158, 63, 205, 204, 204, 61, 0, 255, 0, 192, 154, 153, 89, 192, 191, 204, 76, 62, 205, 204, 204, 61, 0, 255, 0, 192, 154, 153, 89, 192, 219, 204, 76, 190, 205, 204, 204, 61, 0, 255, 0, 192, 17, 21, 82, 192, 22, 238, 158, 191, 205, 204, 204, 61, 0, 255, 0, 192]
is_dense: True
********
header: 
  seq: 2182
  stamp: 
    secs: 1515079476
    nsecs: 767237374
  frame_id: "base_link"
height: 1
width: 8
fields: 
  - 
    name: "x"
    offset: 0
    datatype: 7
    count: 1
  - 
    name: "y"
    offset: 4
    datatype: 7
    count: 1
  - 
    name: "z"
    offset: 8
    datatype: 7
    count: 1
  - 
    name: "rgba"
    offset: 12
    datatype: 7
    count: 1
is_bigendian: False
point_step: 16
row_step: 128
data: [136, 10, 201, 64, 22, 238, 158, 63, 205, 204, 204, 61, 0, 255, 0, 192, 205, 204, 204, 64, 205, 204, 76, 62, 205, 204, 204, 61, 0, 255, 0, 192, 205, 204, 204, 64, 205, 204, 76, 190, 205, 204, 204, 61, 0, 255, 0, 192, 136, 10, 201, 64, 21, 238, 158, 191, 205, 204, 204, 61, 0, 255, 0, 192, 16, 21, 82, 192, 23, 238, 158, 63, 205, 204, 204, 61, 0, 255, 0, 192, 154, 153, 89, 192, 191, 204, 76, 62, 205, 204, 204, 61, 0, 255, 0, 192, 154, 153, 89, 192, 219, 204, 76, 190, 205, 204, 204, 61, 0, 255, 0, 192, 17, 21, 82, 192, 22, 238, 158, 191, 205, 204, 204, 61, 0, 255, 0, 192]
is_dense: True
********
header: 
  seq: 2183
  stamp: 
    secs: 1515079476
    nsecs: 968638110
  frame_id: "base_link"
height: 1
width: 8
fields: 
  - 
    name: "x"
    offset: 0
    datatype: 7
    count: 1
  - 
    name: "y"
    offset: 4
    datatype: 7
    count: 1
  - 
    name: "z"
    offset: 8
    datatype: 7
    count: 1
  - 
    name: "rgba"
    offset: 12
    datatype: 7
    count: 1
is_bigendian: False
point_step: 16
row_step: 128
data: [136, 10, 201, 64, 22, 238, 158, 63, 205, 204, 204, 61, 0, 255, 0, 192, 205, 204, 204, 64, 205, 204, 76, 62, 205, 204, 204, 61, 0, 255, 0, 192, 205, 204, 204, 64, 205, 204, 76, 190, 205, 204, 204, 61, 0, 255, 0, 192, 136, 10, 201, 64, 21, 238, 158, 191, 205, 204, 204, 61, 0, 255, 0, 192, 16, 21, 82, 192, 23, 238, 158, 63, 205, 204, 204, 61, 0, 255, 0, 192, 154, 153, 89, 192, 191, 204, 76, 62, 205, 204, 204, 61, 0, 255, 0, 192, 154, 153, 89, 192, 219, 204, 76, 190, 205, 204, 204, 61, 0, 255, 0, 192, 17, 21, 82, 192, 22, 238, 158, 191, 205, 204, 204, 61, 0, 255, 0, 192]
is_dense: True
********
header: 
  seq: 2184
  stamp: 
    secs: 1515079477
    nsecs: 169918872
  frame_id: "base_link"
height: 1
width: 8
fields: 
  - 
    name: "x"
    offset: 0
    datatype: 7
    count: 1
  - 
    name: "y"
    offset: 4
    datatype: 7
    count: 1
  - 
    name: "z"
    offset: 8
    datatype: 7
    count: 1
  - 
    name: "rgba"
    offset: 12
    datatype: 7
    count: 1
is_bigendian: False
point_step: 16
row_step: 128
data: [136, 10, 201, 64, 22, 238, 158, 63, 205, 204, 204, 61, 0, 255, 0, 192, 205, 204, 204, 64, 205, 204, 76, 62, 205, 204, 204, 61, 0, 255, 0, 192, 205, 204, 204, 64, 205, 204, 76, 190, 205, 204, 204, 61, 0, 255, 0, 192, 136, 10, 201, 64, 21, 238, 158, 191, 205, 204, 204, 61, 0, 255, 0, 192, 16, 21, 82, 192, 23, 238, 158, 63, 205, 204, 204, 61, 0, 255, 0, 192, 154, 153, 89, 192, 191, 204, 76, 62, 205, 204, 204, 61, 0, 255, 0, 192, 154, 153, 89, 192, 219, 204, 76, 190, 205, 204, 204, 61, 0, 255, 0, 192, 17, 21, 82, 192, 22, 238, 158, 191, 205, 204, 204, 61, 0, 255, 0, 192]
is_dense: True
********
header: 
  seq: 2185
  stamp: 
    secs: 1515079477
    nsecs: 371232554
  frame_id: "base_link"
height: 1
width: 8
fields: 
  - 
    name: "x"
    offset: 0
    datatype: 7
    count: 1
  - 
    name: "y"
    offset: 4
    datatype: 7
    count: 1
  - 
    name: "z"
    offset: 8
    datatype: 7
    count: 1
  - 
    name: "rgba"
    offset: 12
    datatype: 7
    count: 1
is_bigendian: False
point_step: 16
row_step: 128
data: [136, 10, 201, 64, 22, 238, 158, 63, 205, 204, 204, 61, 0, 255, 0, 192, 205, 204, 204, 64, 205, 204, 76, 62, 205, 204, 204, 61, 0, 255, 0, 192, 205, 204, 204, 64, 205, 204, 76, 190, 205, 204, 204, 61, 0, 255, 0, 192, 136, 10, 201, 64, 21, 238, 158, 191, 205, 204, 204, 61, 0, 255, 0, 192, 16, 21, 82, 192, 23, 238, 158, 63, 205, 204, 204, 61, 0, 255, 0, 192, 154, 153, 89, 192, 191, 204, 76, 62, 205, 204, 204, 61, 0, 255, 0, 192, 154, 153, 89, 192, 219, 204, 76, 190, 205, 204, 204, 61, 0, 255, 0, 192, 17, 21, 82, 192, 22, 238, 158, 191, 205, 204, 204, 61, 0, 255, 0, 192]
is_dense: True
********
header: 
  seq: 2186
  stamp: 
    secs: 1515079477
    nsecs: 572617023
  frame_id: "base_link"
height: 1
width: 8
fields: 
  - 
    name: "x"
    offset: 0
    datatype: 7
    count: 1
  - 
    name: "y"
    offset: 4
    datatype: 7
    count: 1
  - 
    name: "z"
    offset: 8
    datatype: 7
    count: 1
  - 
    name: "rgba"
    offset: 12
    datatype: 7
    count: 1
is_bigendian: False
point_step: 16
row_step: 128
data: [136, 10, 201, 64, 22, 238, 158, 63, 205, 204, 204, 61, 0, 255, 0, 192, 205, 204, 204, 64, 205, 204, 76, 62, 205, 204, 204, 61, 0, 255, 0, 192, 205, 204, 204, 64, 205, 204, 76, 190, 205, 204, 204, 61, 0, 255, 0, 192, 136, 10, 201, 64, 21, 238, 158, 191, 205, 204, 204, 61, 0, 255, 0, 192, 16, 21, 82, 192, 23, 238, 158, 63, 205, 204, 204, 61, 0, 255, 0, 192, 154, 153, 89, 192, 191, 204, 76, 62, 205, 204, 204, 61, 0, 255, 0, 192, 154, 153, 89, 192, 219, 204, 76, 190, 205, 204, 204, 61, 0, 255, 0, 192, 17, 21, 82, 192, 22, 238, 158, 191, 205, 204, 204, 61, 0, 255, 0, 192]
is_dense: True
********
header: 
  seq: 2187
  stamp: 
    secs: 1515079477
    nsecs: 773902450
  frame_id: "base_link"
height: 1
width: 8
fields: 
  - 
    name: "x"
    offset: 0
    datatype: 7
    count: 1
  - 
    name: "y"
    offset: 4
    datatype: 7
    count: 1
  - 
    name: "z"
    offset: 8
    datatype: 7
    count: 1
  - 
    name: "rgba"
    offset: 12
    datatype: 7
    count: 1
is_bigendian: False
point_step: 16
row_step: 128
data: [136, 10, 201, 64, 22, 238, 158, 63, 205, 204, 204, 61, 0, 255, 0, 192, 205, 204, 204, 64, 205, 204, 76, 62, 205, 204, 204, 61, 0, 255, 0, 192, 205, 204, 204, 64, 205, 204, 76, 190, 205, 204, 204, 61, 0, 255, 0, 192, 136, 10, 201, 64, 21, 238, 158, 191, 205, 204, 204, 61, 0, 255, 0, 192, 16, 21, 82, 192, 23, 238, 158, 63, 205, 204, 204, 61, 0, 255, 0, 192, 154, 153, 89, 192, 191, 204, 76, 62, 205, 204, 204, 61, 0, 255, 0, 192, 154, 153, 89, 192, 219, 204, 76, 190, 205, 204, 204, 61, 0, 255, 0, 192, 17, 21, 82, 192, 22, 238, 158, 191, 205, 204, 204, 61, 0, 255, 0, 192]
is_dense: True
********
header: 
  seq: 2188
  stamp: 
    secs: 1515079477
    nsecs: 975273452
  frame_id: "base_link"
height: 1
width: 8
fields: 
  - 
    name: "x"
    offset: 0
    datatype: 7
    count: 1
  - 
    name: "y"
    offset: 4
    datatype: 7
    count: 1
  - 
    name: "z"
    offset: 8
    datatype: 7
    count: 1
  - 
    name: "rgba"
    offset: 12
    datatype: 7
    count: 1
is_bigendian: False
point_step: 16
row_step: 128
data: [136, 10, 201, 64, 22, 238, 158, 63, 205, 204, 204, 61, 0, 255, 0, 192, 205, 204, 204, 64, 205, 204, 76, 62, 205, 204, 204, 61, 0, 255, 0, 192, 205, 204, 204, 64, 205, 204, 76, 190, 205, 204, 204, 61, 0, 255, 0, 192, 136, 10, 201, 64, 21, 238, 158, 191, 205, 204, 204, 61, 0, 255, 0, 192, 16, 21, 82, 192, 23, 238, 158, 63, 205, 204, 204, 61, 0, 255, 0, 192, 154, 153, 89, 192, 191, 204, 76, 62, 205, 204, 204, 61, 0, 255, 0, 192, 154, 153, 89, 192, 219, 204, 76, 190, 205, 204, 204, 61, 0, 255, 0, 192, 17, 21, 82, 192, 22, 238, 158, 191, 205, 204, 204, 61, 0, 255, 0, 192]
is_dense: True
********
header: 
  seq: 2189
  stamp: 
    secs: 1515079478
    nsecs: 177032737
  frame_id: "base_link"
height: 1
width: 8
fields: 
  - 
    name: "x"
    offset: 0
    datatype: 7
    count: 1
  - 
    name: "y"
    offset: 4
    datatype: 7
    count: 1
  - 
    name: "z"
    offset: 8
    datatype: 7
    count: 1
  - 
    name: "rgba"
    offset: 12
    datatype: 7
    count: 1
is_bigendian: False
point_step: 16
row_step: 128
data: [136, 10, 201, 64, 22, 238, 158, 63, 205, 204, 204, 61, 0, 255, 0, 192, 205, 204, 204, 64, 205, 204, 76, 62, 205, 204, 204, 61, 0, 255, 0, 192, 205, 204, 204, 64, 205, 204, 76, 190, 205, 204, 204, 61, 0, 255, 0, 192, 136, 10, 201, 64, 21, 238, 158, 191, 205, 204, 204, 61, 0, 255, 0, 192, 16, 21, 82, 192, 23, 238, 158, 63, 205, 204, 204, 61, 0, 255, 0, 192, 154, 153, 89, 192, 191, 204, 76, 62, 205, 204, 204, 61, 0, 255, 0, 192, 154, 153, 89, 192, 219, 204, 76, 190, 205, 204, 204, 61, 0, 255, 0, 192, 17, 21, 82, 192, 22, 238, 158, 191, 205, 204, 204, 61, 0, 255, 0, 192]
is_dense: True
********
header: 
  seq: 2190
  stamp: 
    secs: 1515079478
    nsecs: 377919881
  frame_id: "base_link"
height: 1
width: 8
fields: 
  - 
    name: "x"
    offset: 0
    datatype: 7
    count: 1
  - 
    name: "y"
    offset: 4
    datatype: 7
    count: 1
  - 
    name: "z"
    offset: 8
    datatype: 7
    count: 1
  - 
    name: "rgba"
    offset: 12
    datatype: 7
    count: 1
is_bigendian: False
point_step: 16
row_step: 128
data: [136, 10, 201, 64, 22, 238, 158, 63, 205, 204, 204, 61, 0, 255, 0, 192, 205, 204, 204, 64, 205, 204, 76, 62, 205, 204, 204, 61, 0, 255, 0, 192, 205, 204, 204, 64, 205, 204, 76, 190, 205, 204, 204, 61, 0, 255, 0, 192, 136, 10, 201, 64, 21, 238, 158, 191, 205, 204, 204, 61, 0, 255, 0, 192, 16, 21, 82, 192, 23, 238, 158, 63, 205, 204, 204, 61, 0, 255, 0, 192, 154, 153, 89, 192, 191, 204, 76, 62, 205, 204, 204, 61, 0, 255, 0, 192, 154, 153, 89, 192, 219, 204, 76, 190, 205, 204, 204, 61, 0, 255, 0, 192, 17, 21, 82, 192, 22, 238, 158, 191, 205, 204, 204, 61, 0, 255, 0, 192]
is_dense: True
********
header: 
  seq: 2191
  stamp: 
    secs: 1515079478
    nsecs: 579239992
  frame_id: "base_link"
height: 1
width: 8
fields: 
  - 
    name: "x"
    offset: 0
    datatype: 7
    count: 1
  - 
    name: "y"
    offset: 4
    datatype: 7
    count: 1
  - 
    name: "z"
    offset: 8
    datatype: 7
    count: 1
  - 
    name: "rgba"
    offset: 12
    datatype: 7
    count: 1
is_bigendian: False
point_step: 16
row_step: 128
data: [136, 10, 201, 64, 22, 238, 158, 63, 205, 204, 204, 61, 0, 255, 0, 192, 205, 204, 204, 64, 205, 204, 76, 62, 205, 204, 204, 61, 0, 255, 0, 192, 205, 204, 204, 64, 205, 204, 76, 190, 205, 204, 204, 61, 0, 255, 0, 192, 136, 10, 201, 64, 21, 238, 158, 191, 205, 204, 204, 61, 0, 255, 0, 192, 16, 21, 82, 192, 23, 238, 158, 63, 205, 204, 204, 61, 0, 255, 0, 192, 154, 153, 89, 192, 191, 204, 76, 62, 205, 204, 204, 61, 0, 255, 0, 192, 154, 153, 89, 192, 219, 204, 76, 190, 205, 204, 204, 61, 0, 255, 0, 192, 17, 21, 82, 192, 22, 238, 158, 191, 205, 204, 204, 61, 0, 255, 0, 192]
is_dense: True
********
header: 
  seq: 2192
  stamp: 
    secs: 1515079478
    nsecs: 780566893
  frame_id: "base_link"
height: 1
width: 8
fields: 
  - 
    name: "x"
    offset: 0
    datatype: 7
    count: 1
  - 
    name: "y"
    offset: 4
    datatype: 7
    count: 1
  - 
    name: "z"
    offset: 8
    datatype: 7
    count: 1
  - 
    name: "rgba"
    offset: 12
    datatype: 7
    count: 1
is_bigendian: False
point_step: 16
row_step: 128
data: [136, 10, 201, 64, 22, 238, 158, 63, 205, 204, 204, 61, 0, 255, 0, 192, 205, 204, 204, 64, 205, 204, 76, 62, 205, 204, 204, 61, 0, 255, 0, 192, 205, 204, 204, 64, 205, 204, 76, 190, 205, 204, 204, 61, 0, 255, 0, 192, 136, 10, 201, 64, 21, 238, 158, 191, 205, 204, 204, 61, 0, 255, 0, 192, 16, 21, 82, 192, 23, 238, 158, 63, 205, 204, 204, 61, 0, 255, 0, 192, 154, 153, 89, 192, 191, 204, 76, 62, 205, 204, 204, 61, 0, 255, 0, 192, 154, 153, 89, 192, 219, 204, 76, 190, 205, 204, 204, 61, 0, 255, 0, 192, 17, 21, 82, 192, 22, 238, 158, 191, 205, 204, 204, 61, 0, 255, 0, 192]
is_dense: True
********
header: 
  seq: 2193
  stamp: 
    secs: 1515079478
    nsecs: 981938089
  frame_id: "base_link"
height: 1
width: 8
fields: 
  - 
    name: "x"
    offset: 0
    datatype: 7
    count: 1
  - 
    name: "y"
    offset: 4
    datatype: 7
    count: 1
  - 
    name: "z"
    offset: 8
    datatype: 7
    count: 1
  - 
    name: "rgba"
    offset: 12
    datatype: 7
    count: 1
is_bigendian: False
point_step: 16
row_step: 128
data: [136, 10, 201, 64, 22, 238, 158, 63, 205, 204, 204, 61, 0, 255, 0, 192, 205, 204, 204, 64, 205, 204, 76, 62, 205, 204, 204, 61, 0, 255, 0, 192, 205, 204, 204, 64, 205, 204, 76, 190, 205, 204, 204, 61, 0, 255, 0, 192, 136, 10, 201, 64, 21, 238, 158, 191, 205, 204, 204, 61, 0, 255, 0, 192, 16, 21, 82, 192, 23, 238, 158, 63, 205, 204, 204, 61, 0, 255, 0, 192, 154, 153, 89, 192, 191, 204, 76, 62, 205, 204, 204, 61, 0, 255, 0, 192, 154, 153, 89, 192, 219, 204, 76, 190, 205, 204, 204, 61, 0, 255, 0, 192, 17, 21, 82, 192, 22, 238, 158, 191, 205, 204, 204, 61, 0, 255, 0, 192]
is_dense: True
********
header: 
  seq: 2194
  stamp: 
    secs: 1515079479
    nsecs: 183263053
  frame_id: "base_link"
height: 1
width: 8
fields: 
  - 
    name: "x"
    offset: 0
    datatype: 7
    count: 1
  - 
    name: "y"
    offset: 4
    datatype: 7
    count: 1
  - 
    name: "z"
    offset: 8
    datatype: 7
    count: 1
  - 
    name: "rgba"
    offset: 12
    datatype: 7
    count: 1
is_bigendian: False
point_step: 16
row_step: 128
data: [136, 10, 201, 64, 22, 238, 158, 63, 205, 204, 204, 61, 0, 255, 0, 192, 205, 204, 204, 64, 205, 204, 76, 62, 205, 204, 204, 61, 0, 255, 0, 192, 205, 204, 204, 64, 205, 204, 76, 190, 205, 204, 204, 61, 0, 255, 0, 192, 136, 10, 201, 64, 21, 238, 158, 191, 205, 204, 204, 61, 0, 255, 0, 192, 16, 21, 82, 192, 23, 238, 158, 63, 205, 204, 204, 61, 0, 255, 0, 192, 154, 153, 89, 192, 191, 204, 76, 62, 205, 204, 204, 61, 0, 255, 0, 192, 154, 153, 89, 192, 219, 204, 76, 190, 205, 204, 204, 61, 0, 255, 0, 192, 17, 21, 82, 192, 22, 238, 158, 191, 205, 204, 204, 61, 0, 255, 0, 192]
is_dense: True
********
header: 
  seq: 2195
  stamp: 
    secs: 1515079479
    nsecs: 384612058
  frame_id: "base_link"
height: 1
width: 8
fields: 
  - 
    name: "x"
    offset: 0
    datatype: 7
    count: 1
  - 
    name: "y"
    offset: 4
    datatype: 7
    count: 1
  - 
    name: "z"
    offset: 8
    datatype: 7
    count: 1
  - 
    name: "rgba"
    offset: 12
    datatype: 7
    count: 1
is_bigendian: False
point_step: 16
row_step: 128
data: [136, 10, 201, 64, 22, 238, 158, 63, 205, 204, 204, 61, 0, 255, 0, 192, 205, 204, 204, 64, 205, 204, 76, 62, 205, 204, 204, 61, 0, 255, 0, 192, 205, 204, 204, 64, 205, 204, 76, 190, 205, 204, 204, 61, 0, 255, 0, 192, 136, 10, 201, 64, 21, 238, 158, 191, 205, 204, 204, 61, 0, 255, 0, 192, 16, 21, 82, 192, 23, 238, 158, 63, 205, 204, 204, 61, 0, 255, 0, 192, 154, 153, 89, 192, 191, 204, 76, 62, 205, 204, 204, 61, 0, 255, 0, 192, 154, 153, 89, 192, 219, 204, 76, 190, 205, 204, 204, 61, 0, 255, 0, 192, 17, 21, 82, 192, 22, 238, 158, 191, 205, 204, 204, 61, 0, 255, 0, 192]
is_dense: True
********
header: 
  seq: 2196
  stamp: 
    secs: 1515079479
    nsecs: 585934526
  frame_id: "base_link"
height: 1
width: 8
fields: 
  - 
    name: "x"
    offset: 0
    datatype: 7
    count: 1
  - 
    name: "y"
    offset: 4
    datatype: 7
    count: 1
  - 
    name: "z"
    offset: 8
    datatype: 7
    count: 1
  - 
    name: "rgba"
    offset: 12
    datatype: 7
    count: 1
is_bigendian: False
point_step: 16
row_step: 128
data: [136, 10, 201, 64, 22, 238, 158, 63, 205, 204, 204, 61, 0, 255, 0, 192, 205, 204, 204, 64, 205, 204, 76, 62, 205, 204, 204, 61, 0, 255, 0, 192, 205, 204, 204, 64, 205, 204, 76, 190, 205, 204, 204, 61, 0, 255, 0, 192, 136, 10, 201, 64, 21, 238, 158, 191, 205, 204, 204, 61, 0, 255, 0, 192, 16, 21, 82, 192, 23, 238, 158, 63, 205, 204, 204, 61, 0, 255, 0, 192, 154, 153, 89, 192, 191, 204, 76, 62, 205, 204, 204, 61, 0, 255, 0, 192, 154, 153, 89, 192, 219, 204, 76, 190, 205, 204, 204, 61, 0, 255, 0, 192, 17, 21, 82, 192, 22, 238, 158, 191, 205, 204, 204, 61, 0, 255, 0, 192]
is_dense: True
********
header: 
  seq: 2197
  stamp: 
    secs: 1515079479
    nsecs: 787257101
  frame_id: "base_link"
height: 1
width: 8
fields: 
  - 
    name: "x"
    offset: 0
    datatype: 7
    count: 1
  - 
    name: "y"
    offset: 4
    datatype: 7
    count: 1
  - 
    name: "z"
    offset: 8
    datatype: 7
    count: 1
  - 
    name: "rgba"
    offset: 12
    datatype: 7
    count: 1
is_bigendian: False
point_step: 16
row_step: 128
data: [136, 10, 201, 64, 22, 238, 158, 63, 205, 204, 204, 61, 0, 255, 0, 192, 205, 204, 204, 64, 205, 204, 76, 62, 205, 204, 204, 61, 0, 255, 0, 192, 205, 204, 204, 64, 205, 204, 76, 190, 205, 204, 204, 61, 0, 255, 0, 192, 136, 10, 201, 64, 21, 238, 158, 191, 205, 204, 204, 61, 0, 255, 0, 192, 16, 21, 82, 192, 23, 238, 158, 63, 205, 204, 204, 61, 0, 255, 0, 192, 154, 153, 89, 192, 191, 204, 76, 62, 205, 204, 204, 61, 0, 255, 0, 192, 154, 153, 89, 192, 219, 204, 76, 190, 205, 204, 204, 61, 0, 255, 0, 192, 17, 21, 82, 192, 22, 238, 158, 191, 205, 204, 204, 61, 0, 255, 0, 192]
is_dense: True
********
header: 
  seq: 2198
  stamp: 
    secs: 1515079479
    nsecs: 988552238
  frame_id: "base_link"
height: 1
width: 8
fields: 
  - 
    name: "x"
    offset: 0
    datatype: 7
    count: 1
  - 
    name: "y"
    offset: 4
    datatype: 7
    count: 1
  - 
    name: "z"
    offset: 8
    datatype: 7
    count: 1
  - 
    name: "rgba"
    offset: 12
    datatype: 7
    count: 1
is_bigendian: False
point_step: 16
row_step: 128
data: [136, 10, 201, 64, 22, 238, 158, 63, 205, 204, 204, 61, 0, 255, 0, 192, 205, 204, 204, 64, 205, 204, 76, 62, 205, 204, 204, 61, 0, 255, 0, 192, 205, 204, 204, 64, 205, 204, 76, 190, 205, 204, 204, 61, 0, 255, 0, 192, 136, 10, 201, 64, 21, 238, 158, 191, 205, 204, 204, 61, 0, 255, 0, 192, 16, 21, 82, 192, 23, 238, 158, 63, 205, 204, 204, 61, 0, 255, 0, 192, 154, 153, 89, 192, 191, 204, 76, 62, 205, 204, 204, 61, 0, 255, 0, 192, 154, 153, 89, 192, 219, 204, 76, 190, 205, 204, 204, 61, 0, 255, 0, 192, 17, 21, 82, 192, 22, 238, 158, 191, 205, 204, 204, 61, 0, 255, 0, 192]
is_dense: True
********
header: 
  seq: 2199
  stamp: 
    secs: 1515079480
    nsecs: 189903865
  frame_id: "base_link"
height: 1
width: 8
fields: 
  - 
    name: "x"
    offset: 0
    datatype: 7
    count: 1
  - 
    name: "y"
    offset: 4
    datatype: 7
    count: 1
  - 
    name: "z"
    offset: 8
    datatype: 7
    count: 1
  - 
    name: "rgba"
    offset: 12
    datatype: 7
    count: 1
is_bigendian: False
point_step: 16
row_step: 128
data: [136, 10, 201, 64, 22, 238, 158, 63, 205, 204, 204, 61, 0, 255, 0, 192, 205, 204, 204, 64, 205, 204, 76, 62, 205, 204, 204, 61, 0, 255, 0, 192, 205, 204, 204, 64, 205, 204, 76, 190, 205, 204, 204, 61, 0, 255, 0, 192, 136, 10, 201, 64, 21, 238, 158, 191, 205, 204, 204, 61, 0, 255, 0, 192, 16, 21, 82, 192, 23, 238, 158, 63, 205, 204, 204, 61, 0, 255, 0, 192, 154, 153, 89, 192, 191, 204, 76, 62, 205, 204, 204, 61, 0, 255, 0, 192, 154, 153, 89, 192, 219, 204, 76, 190, 205, 204, 204, 61, 0, 255, 0, 192, 17, 21, 82, 192, 22, 238, 158, 191, 205, 204, 204, 61, 0, 255, 0, 192]
is_dense: True
********
header: 
  seq: 2200
  stamp: 
    secs: 1515079480
    nsecs: 391233002
  frame_id: "base_link"
height: 1
width: 8
fields: 
  - 
    name: "x"
    offset: 0
    datatype: 7
    count: 1
  - 
    name: "y"
    offset: 4
    datatype: 7
    count: 1
  - 
    name: "z"
    offset: 8
    datatype: 7
    count: 1
  - 
    name: "rgba"
    offset: 12
    datatype: 7
    count: 1
is_bigendian: False
point_step: 16
row_step: 128
data: [136, 10, 201, 64, 22, 238, 158, 63, 205, 204, 204, 61, 0, 255, 0, 192, 205, 204, 204, 64, 205, 204, 76, 62, 205, 204, 204, 61, 0, 255, 0, 192, 205, 204, 204, 64, 205, 204, 76, 190, 205, 204, 204, 61, 0, 255, 0, 192, 136, 10, 201, 64, 21, 238, 158, 191, 205, 204, 204, 61, 0, 255, 0, 192, 16, 21, 82, 192, 23, 238, 158, 63, 205, 204, 204, 61, 0, 255, 0, 192, 154, 153, 89, 192, 191, 204, 76, 62, 205, 204, 204, 61, 0, 255, 0, 192, 154, 153, 89, 192, 219, 204, 76, 190, 205, 204, 204, 61, 0, 255, 0, 192, 17, 21, 82, 192, 22, 238, 158, 191, 205, 204, 204, 61, 0, 255, 0, 192]
is_dense: True
********
header: 
  seq: 2201
  stamp: 
    secs: 1515079480
    nsecs: 592614157
  frame_id: "base_link"
height: 1
width: 8
fields: 
  - 
    name: "x"
    offset: 0
    datatype: 7
    count: 1
  - 
    name: "y"
    offset: 4
    datatype: 7
    count: 1
  - 
    name: "z"
    offset: 8
    datatype: 7
    count: 1
  - 
    name: "rgba"
    offset: 12
    datatype: 7
    count: 1
is_bigendian: False
point_step: 16
row_step: 128
data: [136, 10, 201, 64, 22, 238, 158, 63, 205, 204, 204, 61, 0, 255, 0, 192, 205, 204, 204, 64, 205, 204, 76, 62, 205, 204, 204, 61, 0, 255, 0, 192, 205, 204, 204, 64, 205, 204, 76, 190, 205, 204, 204, 61, 0, 255, 0, 192, 136, 10, 201, 64, 21, 238, 158, 191, 205, 204, 204, 61, 0, 255, 0, 192, 16, 21, 82, 192, 23, 238, 158, 63, 205, 204, 204, 61, 0, 255, 0, 192, 154, 153, 89, 192, 191, 204, 76, 62, 205, 204, 204, 61, 0, 255, 0, 192, 154, 153, 89, 192, 219, 204, 76, 190, 205, 204, 204, 61, 0, 255, 0, 192, 17, 21, 82, 192, 22, 238, 158, 191, 205, 204, 204, 61, 0, 255, 0, 192]
is_dense: True
********
header: 
  seq: 2202
  stamp: 
    secs: 1515079480
    nsecs: 793917408
  frame_id: "base_link"
height: 1
width: 8
fields: 
  - 
    name: "x"
    offset: 0
    datatype: 7
    count: 1
  - 
    name: "y"
    offset: 4
    datatype: 7
    count: 1
  - 
    name: "z"
    offset: 8
    datatype: 7
    count: 1
  - 
    name: "rgba"
    offset: 12
    datatype: 7
    count: 1
is_bigendian: False
point_step: 16
row_step: 128
data: [136, 10, 201, 64, 22, 238, 158, 63, 205, 204, 204, 61, 0, 255, 0, 192, 205, 204, 204, 64, 205, 204, 76, 62, 205, 204, 204, 61, 0, 255, 0, 192, 205, 204, 204, 64, 205, 204, 76, 190, 205, 204, 204, 61, 0, 255, 0, 192, 136, 10, 201, 64, 21, 238, 158, 191, 205, 204, 204, 61, 0, 255, 0, 192, 16, 21, 82, 192, 23, 238, 158, 63, 205, 204, 204, 61, 0, 255, 0, 192, 154, 153, 89, 192, 191, 204, 76, 62, 205, 204, 204, 61, 0, 255, 0, 192, 154, 153, 89, 192, 219, 204, 76, 190, 205, 204, 204, 61, 0, 255, 0, 192, 17, 21, 82, 192, 22, 238, 158, 191, 205, 204, 204, 61, 0, 255, 0, 192]
is_dense: True
********
header: 
  seq: 2203
  stamp: 
    secs: 1515079480
    nsecs: 995227302
  frame_id: "base_link"
height: 1
width: 8
fields: 
  - 
    name: "x"
    offset: 0
    datatype: 7
    count: 1
  - 
    name: "y"
    offset: 4
    datatype: 7
    count: 1
  - 
    name: "z"
    offset: 8
    datatype: 7
    count: 1
  - 
    name: "rgba"
    offset: 12
    datatype: 7
    count: 1
is_bigendian: False
point_step: 16
row_step: 128
data: [136, 10, 201, 64, 22, 238, 158, 63, 205, 204, 204, 61, 0, 255, 0, 192, 205, 204, 204, 64, 205, 204, 76, 62, 205, 204, 204, 61, 0, 255, 0, 192, 205, 204, 204, 64, 205, 204, 76, 190, 205, 204, 204, 61, 0, 255, 0, 192, 136, 10, 201, 64, 21, 238, 158, 191, 205, 204, 204, 61, 0, 255, 0, 192, 16, 21, 82, 192, 23, 238, 158, 63, 205, 204, 204, 61, 0, 255, 0, 192, 154, 153, 89, 192, 191, 204, 76, 62, 205, 204, 204, 61, 0, 255, 0, 192, 154, 153, 89, 192, 219, 204, 76, 190, 205, 204, 204, 61, 0, 255, 0, 192, 17, 21, 82, 192, 22, 238, 158, 191, 205, 204, 204, 61, 0, 255, 0, 192]
is_dense: True
********
header: 
  seq: 2204
  stamp: 
    secs: 1515079481
    nsecs: 196640185
  frame_id: "base_link"
height: 1
width: 8
fields: 
  - 
    name: "x"
    offset: 0
    datatype: 7
    count: 1
  - 
    name: "y"
    offset: 4
    datatype: 7
    count: 1
  - 
    name: "z"
    offset: 8
    datatype: 7
    count: 1
  - 
    name: "rgba"
    offset: 12
    datatype: 7
    count: 1
is_bigendian: False
point_step: 16
row_step: 128
data: [136, 10, 201, 64, 22, 238, 158, 63, 205, 204, 204, 61, 0, 255, 0, 192, 205, 204, 204, 64, 205, 204, 76, 62, 205, 204, 204, 61, 0, 255, 0, 192, 205, 204, 204, 64, 205, 204, 76, 190, 205, 204, 204, 61, 0, 255, 0, 192, 136, 10, 201, 64, 21, 238, 158, 191, 205, 204, 204, 61, 0, 255, 0, 192, 16, 21, 82, 192, 23, 238, 158, 63, 205, 204, 204, 61, 0, 255, 0, 192, 154, 153, 89, 192, 191, 204, 76, 62, 205, 204, 204, 61, 0, 255, 0, 192, 154, 153, 89, 192, 219, 204, 76, 190, 205, 204, 204, 61, 0, 255, 0, 192, 17, 21, 82, 192, 22, 238, 158, 191, 205, 204, 204, 61, 0, 255, 0, 192]
is_dense: True
********
header: 
  seq: 2205
  stamp: 
    secs: 1515079481
    nsecs: 397882829
  frame_id: "base_link"
height: 1
width: 8
fields: 
  - 
    name: "x"
    offset: 0
    datatype: 7
    count: 1
  - 
    name: "y"
    offset: 4
    datatype: 7
    count: 1
  - 
    name: "z"
    offset: 8
    datatype: 7
    count: 1
  - 
    name: "rgba"
    offset: 12
    datatype: 7
    count: 1
is_bigendian: False
point_step: 16
row_step: 128
data: [136, 10, 201, 64, 22, 238, 158, 63, 205, 204, 204, 61, 0, 255, 0, 192, 205, 204, 204, 64, 205, 204, 76, 62, 205, 204, 204, 61, 0, 255, 0, 192, 205, 204, 204, 64, 205, 204, 76, 190, 205, 204, 204, 61, 0, 255, 0, 192, 136, 10, 201, 64, 21, 238, 158, 191, 205, 204, 204, 61, 0, 255, 0, 192, 16, 21, 82, 192, 23, 238, 158, 63, 205, 204, 204, 61, 0, 255, 0, 192, 154, 153, 89, 192, 191, 204, 76, 62, 205, 204, 204, 61, 0, 255, 0, 192, 154, 153, 89, 192, 219, 204, 76, 190, 205, 204, 204, 61, 0, 255, 0, 192, 17, 21, 82, 192, 22, 238, 158, 191, 205, 204, 204, 61, 0, 255, 0, 192]
is_dense: True
********
header: 
  seq: 2206
  stamp: 
    secs: 1515079481
    nsecs: 599227197
  frame_id: "base_link"
height: 1
width: 8
fields: 
  - 
    name: "x"
    offset: 0
    datatype: 7
    count: 1
  - 
    name: "y"
    offset: 4
    datatype: 7
    count: 1
  - 
    name: "z"
    offset: 8
    datatype: 7
    count: 1
  - 
    name: "rgba"
    offset: 12
    datatype: 7
    count: 1
is_bigendian: False
point_step: 16
row_step: 128
data: [136, 10, 201, 64, 22, 238, 158, 63, 205, 204, 204, 61, 0, 255, 0, 192, 205, 204, 204, 64, 205, 204, 76, 62, 205, 204, 204, 61, 0, 255, 0, 192, 205, 204, 204, 64, 205, 204, 76, 190, 205, 204, 204, 61, 0, 255, 0, 192, 136, 10, 201, 64, 21, 238, 158, 191, 205, 204, 204, 61, 0, 255, 0, 192, 16, 21, 82, 192, 23, 238, 158, 63, 205, 204, 204, 61, 0, 255, 0, 192, 154, 153, 89, 192, 191, 204, 76, 62, 205, 204, 204, 61, 0, 255, 0, 192, 154, 153, 89, 192, 219, 204, 76, 190, 205, 204, 204, 61, 0, 255, 0, 192, 17, 21, 82, 192, 22, 238, 158, 191, 205, 204, 204, 61, 0, 255, 0, 192]
is_dense: True
********
header: 
  seq: 2207
  stamp: 
    secs: 1515079481
    nsecs: 800566952
  frame_id: "base_link"
height: 1
width: 8
fields: 
  - 
    name: "x"
    offset: 0
    datatype: 7
    count: 1
  - 
    name: "y"
    offset: 4
    datatype: 7
    count: 1
  - 
    name: "z"
    offset: 8
    datatype: 7
    count: 1
  - 
    name: "rgba"
    offset: 12
    datatype: 7
    count: 1
is_bigendian: False
point_step: 16
row_step: 128
data: [136, 10, 201, 64, 22, 238, 158, 63, 205, 204, 204, 61, 0, 255, 0, 192, 205, 204, 204, 64, 205, 204, 76, 62, 205, 204, 204, 61, 0, 255, 0, 192, 205, 204, 204, 64, 205, 204, 76, 190, 205, 204, 204, 61, 0, 255, 0, 192, 136, 10, 201, 64, 21, 238, 158, 191, 205, 204, 204, 61, 0, 255, 0, 192, 16, 21, 82, 192, 23, 238, 158, 63, 205, 204, 204, 61, 0, 255, 0, 192, 154, 153, 89, 192, 191, 204, 76, 62, 205, 204, 204, 61, 0, 255, 0, 192, 154, 153, 89, 192, 219, 204, 76, 190, 205, 204, 204, 61, 0, 255, 0, 192, 17, 21, 82, 192, 22, 238, 158, 191, 205, 204, 204, 61, 0, 255, 0, 192]
is_dense: True
********
header: 
  seq: 2172
  stamp: 
    secs: 1515079474
    nsecs: 803040888
  frame_id: "base_link"
height: 1
width: 8
fields: 
  - 
    name: "x"
    offset: 0
    datatype: 7
    count: 1
  - 
    name: "y"
    offset: 4
    datatype: 7
    count: 1
  - 
    name: "z"
    offset: 8
    datatype: 7
    count: 1
  - 
    name: "rgba"
    offset: 12
    datatype: 7
    count: 1
is_bigendian: False
point_step: 16
row_step: 128
data: [136, 10, 201, 64, 22, 238, 158, 63, 205, 204, 204, 61, 0, 255, 0, 192, 154, 153, 137, 64, 205, 204, 76, 62, 205, 204, 204, 61, 0, 0, 255, 192, 205, 204, 204, 64, 205, 204, 76, 190, 205, 204, 204, 61, 0, 255, 0, 192, 136, 10, 201, 64, 21, 238, 158, 191, 205, 204, 204, 61, 0, 255, 0, 192, 16, 21, 82, 192, 23, 238, 158, 63, 205, 204, 204, 61, 0, 255, 0, 192, 154, 153, 89, 192, 191, 204, 76, 62, 205, 204, 204, 61, 0, 255, 0, 192, 154, 153, 89, 192, 219, 204, 76, 190, 205, 204, 204, 61, 0, 255, 0, 192, 17, 21, 82, 192, 22, 238, 158, 191, 205, 204, 204, 61, 0, 255, 0, 192]
is_dense: True
********
header: 
  seq: 2173
  stamp: 
    secs: 1515079474
    nsecs: 955590501
  frame_id: "base_link"
height: 1
width: 8
fields: 
  - 
    name: "x"
    offset: 0
    datatype: 7
    count: 1
  - 
    name: "y"
    offset: 4
    datatype: 7
    count: 1
  - 
    name: "z"
    offset: 8
    datatype: 7
    count: 1
  - 
    name: "rgba"
    offset: 12
    datatype: 7
    count: 1
is_bigendian: False
point_step: 16
row_step: 128
data: [136, 10, 201, 64, 22, 238, 158, 63, 205, 204, 204, 61, 0, 255, 0, 192, 205, 204, 204, 64, 205, 204, 76, 62, 205, 204, 204, 61, 0, 255, 0, 192, 205, 204, 204, 64, 205, 204, 76, 190, 205, 204, 204, 61, 0, 255, 0, 192, 136, 10, 201, 64, 21, 238, 158, 191, 205, 204, 204, 61, 0, 255, 0, 192, 16, 21, 82, 192, 23, 238, 158, 63, 205, 204, 204, 61, 0, 255, 0, 192, 154, 153, 89, 192, 191, 204, 76, 62, 205, 204, 204, 61, 0, 255, 0, 192, 154, 153, 89, 192, 219, 204, 76, 190, 205, 204, 204, 61, 0, 255, 0, 192, 17, 21, 82, 192, 22, 238, 158, 191, 205, 204, 204, 61, 0, 255, 0, 192]
is_dense: True
********
header: 
  seq: 2174
  stamp: 
    secs: 1515079475
    nsecs: 156695446
  frame_id: "base_link"
height: 1
width: 8
fields: 
  - 
    name: "x"
    offset: 0
    datatype: 7
    count: 1
  - 
    name: "y"
    offset: 4
    datatype: 7
    count: 1
  - 
    name: "z"
    offset: 8
    datatype: 7
    count: 1
  - 
    name: "rgba"
    offset: 12
    datatype: 7
    count: 1
is_bigendian: False
point_step: 16
row_step: 128
data: [136, 10, 201, 64, 22, 238, 158, 63, 205, 204, 204, 61, 0, 255, 0, 192, 205, 204, 204, 64, 205, 204, 76, 62, 205, 204, 204, 61, 0, 255, 0, 192, 205, 204, 204, 64, 205, 204, 76, 190, 205, 204, 204, 61, 0, 255, 0, 192, 136, 10, 201, 64, 21, 238, 158, 191, 205, 204, 204, 61, 0, 255, 0, 192, 16, 21, 82, 192, 23, 238, 158, 63, 205, 204, 204, 61, 0, 255, 0, 192, 154, 153, 89, 192, 191, 204, 76, 62, 205, 204, 204, 61, 0, 255, 0, 192, 154, 153, 89, 192, 219, 204, 76, 190, 205, 204, 204, 61, 0, 255, 0, 192, 17, 21, 82, 192, 22, 238, 158, 191, 205, 204, 204, 61, 0, 255, 0, 192]
is_dense: True
********
header: 
  seq: 2175
  stamp: 
    secs: 1515079475
    nsecs: 357923073
  frame_id: "base_link"
height: 1
width: 8
fields: 
  - 
    name: "x"
    offset: 0
    datatype: 7
    count: 1
  - 
    name: "y"
    offset: 4
    datatype: 7
    count: 1
  - 
    name: "z"
    offset: 8
    datatype: 7
    count: 1
  - 
    name: "rgba"
    offset: 12
    datatype: 7
    count: 1
is_bigendian: False
point_step: 16
row_step: 128
data: [136, 10, 201, 64, 22, 238, 158, 63, 205, 204, 204, 61, 0, 255, 0, 192, 205, 204, 204, 64, 205, 204, 76, 62, 205, 204, 204, 61, 0, 255, 0, 192, 205, 204, 204, 64, 205, 204, 76, 190, 205, 204, 204, 61, 0, 255, 0, 192, 136, 10, 201, 64, 21, 238, 158, 191, 205, 204, 204, 61, 0, 255, 0, 192, 16, 21, 82, 192, 23, 238, 158, 63, 205, 204, 204, 61, 0, 255, 0, 192, 154, 153, 89, 192, 191, 204, 76, 62, 205, 204, 204, 61, 0, 255, 0, 192, 154, 153, 89, 192, 219, 204, 76, 190, 205, 204, 204, 61, 0, 255, 0, 192, 17, 21, 82, 192, 22, 238, 158, 191, 205, 204, 204, 61, 0, 255, 0, 192]
is_dense: True
********
header: 
  seq: 2176
  stamp: 
    secs: 1515079475
    nsecs: 559277094
  frame_id: "base_link"
height: 1
width: 8
fields: 
  - 
    name: "x"
    offset: 0
    datatype: 7
    count: 1
  - 
    name: "y"
    offset: 4
    datatype: 7
    count: 1
  - 
    name: "z"
    offset: 8
    datatype: 7
    count: 1
  - 
    name: "rgba"
    offset: 12
    datatype: 7
    count: 1
is_bigendian: False
point_step: 16
row_step: 128
data: [136, 10, 201, 64, 22, 238, 158, 63, 205, 204, 204, 61, 0, 255, 0, 192, 205, 204, 204, 64, 205, 204, 76, 62, 205, 204, 204, 61, 0, 255, 0, 192, 205, 204, 204, 64, 205, 204, 76, 190, 205, 204, 204, 61, 0, 255, 0, 192, 136, 10, 201, 64, 21, 238, 158, 191, 205, 204, 204, 61, 0, 255, 0, 192, 16, 21, 82, 192, 23, 238, 158, 63, 205, 204, 204, 61, 0, 255, 0, 192, 154, 153, 89, 192, 191, 204, 76, 62, 205, 204, 204, 61, 0, 255, 0, 192, 154, 153, 89, 192, 219, 204, 76, 190, 205, 204, 204, 61, 0, 255, 0, 192, 17, 21, 82, 192, 22, 238, 158, 191, 205, 204, 204, 61, 0, 255, 0, 192]
is_dense: True
********
header: 
  seq: 2177
  stamp: 
    secs: 1515079475
    nsecs: 760646856
  frame_id: "base_link"
height: 1
width: 8
fields: 
  - 
    name: "x"
    offset: 0
    datatype: 7
    count: 1
  - 
    name: "y"
    offset: 4
    datatype: 7
    count: 1
  - 
    name: "z"
    offset: 8
    datatype: 7
    count: 1
  - 
    name: "rgba"
    offset: 12
    datatype: 7
    count: 1
is_bigendian: False
point_step: 16
row_step: 128
data: [136, 10, 201, 64, 22, 238, 158, 63, 205, 204, 204, 61, 0, 255, 0, 192, 205, 204, 204, 64, 205, 204, 76, 62, 205, 204, 204, 61, 0, 255, 0, 192, 205, 204, 204, 64, 205, 204, 76, 190, 205, 204, 204, 61, 0, 255, 0, 192, 136, 10, 201, 64, 21, 238, 158, 191, 205, 204, 204, 61, 0, 255, 0, 192, 16, 21, 82, 192, 23, 238, 158, 63, 205, 204, 204, 61, 0, 255, 0, 192, 154, 153, 89, 192, 191, 204, 76, 62, 205, 204, 204, 61, 0, 255, 0, 192, 154, 153, 89, 192, 219, 204, 76, 190, 205, 204, 204, 61, 0, 255, 0, 192, 17, 21, 82, 192, 22, 238, 158, 191, 205, 204, 204, 61, 0, 255, 0, 192]
is_dense: True
********
header: 
  seq: 2178
  stamp: 
    secs: 1515079475
    nsecs: 961896716
  frame_id: "base_link"
height: 1
width: 8
fields: 
  - 
    name: "x"
    offset: 0
    datatype: 7
    count: 1
  - 
    name: "y"
    offset: 4
    datatype: 7
    count: 1
  - 
    name: "z"
    offset: 8
    datatype: 7
    count: 1
  - 
    name: "rgba"
    offset: 12
    datatype: 7
    count: 1
is_bigendian: False
point_step: 16
row_step: 128
data: [136, 10, 201, 64, 22, 238, 158, 63, 205, 204, 204, 61, 0, 255, 0, 192, 205, 204, 204, 64, 205, 204, 76, 62, 205, 204, 204, 61, 0, 255, 0, 192, 205, 204, 204, 64, 205, 204, 76, 190, 205, 204, 204, 61, 0, 255, 0, 192, 136, 10, 201, 64, 21, 238, 158, 191, 205, 204, 204, 61, 0, 255, 0, 192, 16, 21, 82, 192, 23, 238, 158, 63, 205, 204, 204, 61, 0, 255, 0, 192, 154, 153, 89, 192, 191, 204, 76, 62, 205, 204, 204, 61, 0, 255, 0, 192, 154, 153, 89, 192, 219, 204, 76, 190, 205, 204, 204, 61, 0, 255, 0, 192, 17, 21, 82, 192, 22, 238, 158, 191, 205, 204, 204, 61, 0, 255, 0, 192]
is_dense: True
********
header: 
  seq: 2179
  stamp: 
    secs: 1515079476
    nsecs: 163395613
  frame_id: "base_link"
height: 1
width: 8
fields: 
  - 
    name: "x"
    offset: 0
    datatype: 7
    count: 1
  - 
    name: "y"
    offset: 4
    datatype: 7
    count: 1
  - 
    name: "z"
    offset: 8
    datatype: 7
    count: 1
  - 
    name: "rgba"
    offset: 12
    datatype: 7
    count: 1
is_bigendian: False
point_step: 16
row_step: 128
data: [136, 10, 201, 64, 22, 238, 158, 63, 205, 204, 204, 61, 0, 255, 0, 192, 205, 204, 204, 64, 205, 204, 76, 62, 205, 204, 204, 61, 0, 255, 0, 192, 205, 204, 204, 64, 205, 204, 76, 190, 205, 204, 204, 61, 0, 255, 0, 192, 136, 10, 201, 64, 21, 238, 158, 191, 205, 204, 204, 61, 0, 255, 0, 192, 16, 21, 82, 192, 23, 238, 158, 63, 205, 204, 204, 61, 0, 255, 0, 192, 154, 153, 89, 192, 191, 204, 76, 62, 205, 204, 204, 61, 0, 255, 0, 192, 154, 153, 89, 192, 219, 204, 76, 190, 205, 204, 204, 61, 0, 255, 0, 192, 17, 21, 82, 192, 22, 238, 158, 191, 205, 204, 204, 61, 0, 255, 0, 192]
is_dense: True
********
header: 
  seq: 2180
  stamp: 
    secs: 1515079476
    nsecs: 364582388
  frame_id: "base_link"
height: 1
width: 8
fields: 
  - 
    name: "x"
    offset: 0
    datatype: 7
    count: 1
  - 
    name: "y"
    offset: 4
    datatype: 7
    count: 1
  - 
    name: "z"
    offset: 8
    datatype: 7
    count: 1
  - 
    name: "rgba"
    offset: 12
    datatype: 7
    count: 1
is_bigendian: False
point_step: 16
row_step: 128
data: [136, 10, 201, 64, 22, 238, 158, 63, 205, 204, 204, 61, 0, 255, 0, 192, 205, 204, 204, 64, 205, 204, 76, 62, 205, 204, 204, 61, 0, 255, 0, 192, 205, 204, 204, 64, 205, 204, 76, 190, 205, 204, 204, 61, 0, 255, 0, 192, 136, 10, 201, 64, 21, 238, 158, 191, 205, 204, 204, 61, 0, 255, 0, 192, 16, 21, 82, 192, 23, 238, 158, 63, 205, 204, 204, 61, 0, 255, 0, 192, 154, 153, 89, 192, 191, 204, 76, 62, 205, 204, 204, 61, 0, 255, 0, 192, 154, 153, 89, 192, 219, 204, 76, 190, 205, 204, 204, 61, 0, 255, 0, 192, 17, 21, 82, 192, 22, 238, 158, 191, 205, 204, 204, 61, 0, 255, 0, 192]
is_dense: True
********
header: 
  seq: 2181
  stamp: 
    secs: 1515079476
    nsecs: 565936715
  frame_id: "base_link"
height: 1
width: 8
fields: 
  - 
    name: "x"
    offset: 0
    datatype: 7
    count: 1
  - 
    name: "y"
    offset: 4
    datatype: 7
    count: 1
  - 
    name: "z"
    offset: 8
    datatype: 7
    count: 1
  - 
    name: "rgba"
    offset: 12
    datatype: 7
    count: 1
is_bigendian: False
point_step: 16
row_step: 128
data: [136, 10, 201, 64, 22, 238, 158, 63, 205, 204, 204, 61, 0, 255, 0, 192, 205, 204, 204, 64, 205, 204, 76, 62, 205, 204, 204, 61, 0, 255, 0, 192, 205, 204, 204, 64, 205, 204, 76, 190, 205, 204, 204, 61, 0, 255, 0, 192, 136, 10, 201, 64, 21, 238, 158, 191, 205, 204, 204, 61, 0, 255, 0, 192, 16, 21, 82, 192, 23, 238, 158, 63, 205, 204, 204, 61, 0, 255, 0, 192, 154, 153, 89, 192, 191, 204, 76, 62, 205, 204, 204, 61, 0, 255, 0, 192, 154, 153, 89, 192, 219, 204, 76, 190, 205, 204, 204, 61, 0, 255, 0, 192, 17, 21, 82, 192, 22, 238, 158, 191, 205, 204, 204, 61, 0, 255, 0, 192]
is_dense: True
********
header: 
  seq: 2182
  stamp: 
    secs: 1515079476
    nsecs: 767237374
  frame_id: "base_link"
height: 1
width: 8
fields: 
  - 
    name: "x"
    offset: 0
    datatype: 7
    count: 1
  - 
    name: "y"
    offset: 4
    datatype: 7
    count: 1
  - 
    name: "z"
    offset: 8
    datatype: 7
    count: 1
  - 
    name: "rgba"
    offset: 12
    datatype: 7
    count: 1
is_bigendian: False
point_step: 16
row_step: 128
data: [136, 10, 201, 64, 22, 238, 158, 63, 205, 204, 204, 61, 0, 255, 0, 192, 205, 204, 204, 64, 205, 204, 76, 62, 205, 204, 204, 61, 0, 255, 0, 192, 205, 204, 204, 64, 205, 204, 76, 190, 205, 204, 204, 61, 0, 255, 0, 192, 136, 10, 201, 64, 21, 238, 158, 191, 205, 204, 204, 61, 0, 255, 0, 192, 16, 21, 82, 192, 23, 238, 158, 63, 205, 204, 204, 61, 0, 255, 0, 192, 154, 153, 89, 192, 191, 204, 76, 62, 205, 204, 204, 61, 0, 255, 0, 192, 154, 153, 89, 192, 219, 204, 76, 190, 205, 204, 204, 61, 0, 255, 0, 192, 17, 21, 82, 192, 22, 238, 158, 191, 205, 204, 204, 61, 0, 255, 0, 192]
is_dense: True
********
header: 
  seq: 2183
  stamp: 
    secs: 1515079476
    nsecs: 968638110
  frame_id: "base_link"
height: 1
width: 8
fields: 
  - 
    name: "x"
    offset: 0
    datatype: 7
    count: 1
  - 
    name: "y"
    offset: 4
    datatype: 7
    count: 1
  - 
    name: "z"
    offset: 8
    datatype: 7
    count: 1
  - 
    name: "rgba"
    offset: 12
    datatype: 7
    count: 1
is_bigendian: False
point_step: 16
row_step: 128
data: [136, 10, 201, 64, 22, 238, 158, 63, 205, 204, 204, 61, 0, 255, 0, 192, 205, 204, 204, 64, 205, 204, 76, 62, 205, 204, 204, 61, 0, 255, 0, 192, 205, 204, 204, 64, 205, 204, 76, 190, 205, 204, 204, 61, 0, 255, 0, 192, 136, 10, 201, 64, 21, 238, 158, 191, 205, 204, 204, 61, 0, 255, 0, 192, 16, 21, 82, 192, 23, 238, 158, 63, 205, 204, 204, 61, 0, 255, 0, 192, 154, 153, 89, 192, 191, 204, 76, 62, 205, 204, 204, 61, 0, 255, 0, 192, 154, 153, 89, 192, 219, 204, 76, 190, 205, 204, 204, 61, 0, 255, 0, 192, 17, 21, 82, 192, 22, 238, 158, 191, 205, 204, 204, 61, 0, 255, 0, 192]
is_dense: True
********
header: 
  seq: 2184
  stamp: 
    secs: 1515079477
    nsecs: 169918872
  frame_id: "base_link"
height: 1
width: 8
fields: 
  - 
    name: "x"
    offset: 0
    datatype: 7
    count: 1
  - 
    name: "y"
    offset: 4
    datatype: 7
    count: 1
  - 
    name: "z"
    offset: 8
    datatype: 7
    count: 1
  - 
    name: "rgba"
    offset: 12
    datatype: 7
    count: 1
is_bigendian: False
point_step: 16
row_step: 128
data: [136, 10, 201, 64, 22, 238, 158, 63, 205, 204, 204, 61, 0, 255, 0, 192, 205, 204, 204, 64, 205, 204, 76, 62, 205, 204, 204, 61, 0, 255, 0, 192, 205, 204, 204, 64, 205, 204, 76, 190, 205, 204, 204, 61, 0, 255, 0, 192, 136, 10, 201, 64, 21, 238, 158, 191, 205, 204, 204, 61, 0, 255, 0, 192, 16, 21, 82, 192, 23, 238, 158, 63, 205, 204, 204, 61, 0, 255, 0, 192, 154, 153, 89, 192, 191, 204, 76, 62, 205, 204, 204, 61, 0, 255, 0, 192, 154, 153, 89, 192, 219, 204, 76, 190, 205, 204, 204, 61, 0, 255, 0, 192, 17, 21, 82, 192, 22, 238, 158, 191, 205, 204, 204, 61, 0, 255, 0, 192]
is_dense: True
********
header: 
  seq: 2185
  stamp: 
    secs: 1515079477
    nsecs: 371232554
  frame_id: "base_link"
height: 1
width: 8
fields: 
  - 
    name: "x"
    offset: 0
    datatype: 7
    count: 1
  - 
    name: "y"
    offset: 4
    datatype: 7
    count: 1
  - 
    name: "z"
    offset: 8
    datatype: 7
    count: 1
  - 
    name: "rgba"
    offset: 12
    datatype: 7
    count: 1
is_bigendian: False
point_step: 16
row_step: 128
data: [136, 10, 201, 64, 22, 238, 158, 63, 205, 204, 204, 61, 0, 255, 0, 192, 205, 204, 204, 64, 205, 204, 76, 62, 205, 204, 204, 61, 0, 255, 0, 192, 205, 204, 204, 64, 205, 204, 76, 190, 205, 204, 204, 61, 0, 255, 0, 192, 136, 10, 201, 64, 21, 238, 158, 191, 205, 204, 204, 61, 0, 255, 0, 192, 16, 21, 82, 192, 23, 238, 158, 63, 205, 204, 204, 61, 0, 255, 0, 192, 154, 153, 89, 192, 191, 204, 76, 62, 205, 204, 204, 61, 0, 255, 0, 192, 154, 153, 89, 192, 219, 204, 76, 190, 205, 204, 204, 61, 0, 255, 0, 192, 17, 21, 82, 192, 22, 238, 158, 191, 205, 204, 204, 61, 0, 255, 0, 192]
is_dense: True
********
header: 
  seq: 2186
  stamp: 
    secs: 1515079477
    nsecs: 572617023
  frame_id: "base_link"
height: 1
width: 8
fields: 
  - 
    name: "x"
    offset: 0
    datatype: 7
    count: 1
  - 
    name: "y"
    offset: 4
    datatype: 7
    count: 1
  - 
    name: "z"
    offset: 8
    datatype: 7
    count: 1
  - 
    name: "rgba"
    offset: 12
    datatype: 7
    count: 1
is_bigendian: False
point_step: 16
row_step: 128
data: [136, 10, 201, 64, 22, 238, 158, 63, 205, 204, 204, 61, 0, 255, 0, 192, 205, 204, 204, 64, 205, 204, 76, 62, 205, 204, 204, 61, 0, 255, 0, 192, 205, 204, 204, 64, 205, 204, 76, 190, 205, 204, 204, 61, 0, 255, 0, 192, 136, 10, 201, 64, 21, 238, 158, 191, 205, 204, 204, 61, 0, 255, 0, 192, 16, 21, 82, 192, 23, 238, 158, 63, 205, 204, 204, 61, 0, 255, 0, 192, 154, 153, 89, 192, 191, 204, 76, 62, 205, 204, 204, 61, 0, 255, 0, 192, 154, 153, 89, 192, 219, 204, 76, 190, 205, 204, 204, 61, 0, 255, 0, 192, 17, 21, 82, 192, 22, 238, 158, 191, 205, 204, 204, 61, 0, 255, 0, 192]
is_dense: True
********
header: 
  seq: 2187
  stamp: 
    secs: 1515079477
    nsecs: 773902450
  frame_id: "base_link"
height: 1
width: 8
fields: 
  - 
    name: "x"
    offset: 0
    datatype: 7
    count: 1
  - 
    name: "y"
    offset: 4
    datatype: 7
    count: 1
  - 
    name: "z"
    offset: 8
    datatype: 7
    count: 1
  - 
    name: "rgba"
    offset: 12
    datatype: 7
    count: 1
is_bigendian: False
point_step: 16
row_step: 128
data: [136, 10, 201, 64, 22, 238, 158, 63, 205, 204, 204, 61, 0, 255, 0, 192, 205, 204, 204, 64, 205, 204, 76, 62, 205, 204, 204, 61, 0, 255, 0, 192, 205, 204, 204, 64, 205, 204, 76, 190, 205, 204, 204, 61, 0, 255, 0, 192, 136, 10, 201, 64, 21, 238, 158, 191, 205, 204, 204, 61, 0, 255, 0, 192, 16, 21, 82, 192, 23, 238, 158, 63, 205, 204, 204, 61, 0, 255, 0, 192, 154, 153, 89, 192, 191, 204, 76, 62, 205, 204, 204, 61, 0, 255, 0, 192, 154, 153, 89, 192, 219, 204, 76, 190, 205, 204, 204, 61, 0, 255, 0, 192, 17, 21, 82, 192, 22, 238, 158, 191, 205, 204, 204, 61, 0, 255, 0, 192]
is_dense: True
********
header: 
  seq: 2188
  stamp: 
    secs: 1515079477
    nsecs: 975273452
  frame_id: "base_link"
height: 1
width: 8
fields: 
  - 
    name: "x"
    offset: 0
    datatype: 7
    count: 1
  - 
    name: "y"
    offset: 4
    datatype: 7
    count: 1
  - 
    name: "z"
    offset: 8
    datatype: 7
    count: 1
  - 
    name: "rgba"
    offset: 12
    datatype: 7
    count: 1
is_bigendian: False
point_step: 16
row_step: 128
data: [136, 10, 201, 64, 22, 238, 158, 63, 205, 204, 204, 61, 0, 255, 0, 192, 205, 204, 204, 64, 205, 204, 76, 62, 205, 204, 204, 61, 0, 255, 0, 192, 205, 204, 204, 64, 205, 204, 76, 190, 205, 204, 204, 61, 0, 255, 0, 192, 136, 10, 201, 64, 21, 238, 158, 191, 205, 204, 204, 61, 0, 255, 0, 192, 16, 21, 82, 192, 23, 238, 158, 63, 205, 204, 204, 61, 0, 255, 0, 192, 154, 153, 89, 192, 191, 204, 76, 62, 205, 204, 204, 61, 0, 255, 0, 192, 154, 153, 89, 192, 219, 204, 76, 190, 205, 204, 204, 61, 0, 255, 0, 192, 17, 21, 82, 192, 22, 238, 158, 191, 205, 204, 204, 61, 0, 255, 0, 192]
is_dense: True
********
header: 
  seq: 2189
  stamp: 
    secs: 1515079478
    nsecs: 177032737
  frame_id: "base_link"
height: 1
width: 8
fields: 
  - 
    name: "x"
    offset: 0
    datatype: 7
    count: 1
  - 
    name: "y"
    offset: 4
    datatype: 7
    count: 1
  - 
    name: "z"
    offset: 8
    datatype: 7
    count: 1
  - 
    name: "rgba"
    offset: 12
    datatype: 7
    count: 1
is_bigendian: False
point_step: 16
row_step: 128
data: [136, 10, 201, 64, 22, 238, 158, 63, 205, 204, 204, 61, 0, 255, 0, 192, 205, 204, 204, 64, 205, 204, 76, 62, 205, 204, 204, 61, 0, 255, 0, 192, 205, 204, 204, 64, 205, 204, 76, 190, 205, 204, 204, 61, 0, 255, 0, 192, 136, 10, 201, 64, 21, 238, 158, 191, 205, 204, 204, 61, 0, 255, 0, 192, 16, 21, 82, 192, 23, 238, 158, 63, 205, 204, 204, 61, 0, 255, 0, 192, 154, 153, 89, 192, 191, 204, 76, 62, 205, 204, 204, 61, 0, 255, 0, 192, 154, 153, 89, 192, 219, 204, 76, 190, 205, 204, 204, 61, 0, 255, 0, 192, 17, 21, 82, 192, 22, 238, 158, 191, 205, 204, 204, 61, 0, 255, 0, 192]
is_dense: True
********
header: 
  seq: 2190
  stamp: 
    secs: 1515079478
    nsecs: 377919881
  frame_id: "base_link"
height: 1
width: 8
fields: 
  - 
    name: "x"
    offset: 0
    datatype: 7
    count: 1
  - 
    name: "y"
    offset: 4
    datatype: 7
    count: 1
  - 
    name: "z"
    offset: 8
    datatype: 7
    count: 1
  - 
    name: "rgba"
    offset: 12
    datatype: 7
    count: 1
is_bigendian: False
point_step: 16
row_step: 128
data: [136, 10, 201, 64, 22, 238, 158, 63, 205, 204, 204, 61, 0, 255, 0, 192, 205, 204, 204, 64, 205, 204, 76, 62, 205, 204, 204, 61, 0, 255, 0, 192, 205, 204, 204, 64, 205, 204, 76, 190, 205, 204, 204, 61, 0, 255, 0, 192, 136, 10, 201, 64, 21, 238, 158, 191, 205, 204, 204, 61, 0, 255, 0, 192, 16, 21, 82, 192, 23, 238, 158, 63, 205, 204, 204, 61, 0, 255, 0, 192, 154, 153, 89, 192, 191, 204, 76, 62, 205, 204, 204, 61, 0, 255, 0, 192, 154, 153, 89, 192, 219, 204, 76, 190, 205, 204, 204, 61, 0, 255, 0, 192, 17, 21, 82, 192, 22, 238, 158, 191, 205, 204, 204, 61, 0, 255, 0, 192]
is_dense: True
********
header: 
  seq: 2191
  stamp: 
    secs: 1515079478
    nsecs: 579239992
  frame_id: "base_link"
height: 1
width: 8
fields: 
  - 
    name: "x"
    offset: 0
    datatype: 7
    count: 1
  - 
    name: "y"
    offset: 4
    datatype: 7
    count: 1
  - 
    name: "z"
    offset: 8
    datatype: 7
    count: 1
  - 
    name: "rgba"
    offset: 12
    datatype: 7
    count: 1
is_bigendian: False
point_step: 16
row_step: 128
data: [136, 10, 201, 64, 22, 238, 158, 63, 205, 204, 204, 61, 0, 255, 0, 192, 205, 204, 204, 64, 205, 204, 76, 62, 205, 204, 204, 61, 0, 255, 0, 192, 205, 204, 204, 64, 205, 204, 76, 190, 205, 204, 204, 61, 0, 255, 0, 192, 136, 10, 201, 64, 21, 238, 158, 191, 205, 204, 204, 61, 0, 255, 0, 192, 16, 21, 82, 192, 23, 238, 158, 63, 205, 204, 204, 61, 0, 255, 0, 192, 154, 153, 89, 192, 191, 204, 76, 62, 205, 204, 204, 61, 0, 255, 0, 192, 154, 153, 89, 192, 219, 204, 76, 190, 205, 204, 204, 61, 0, 255, 0, 192, 17, 21, 82, 192, 22, 238, 158, 191, 205, 204, 204, 61, 0, 255, 0, 192]
is_dense: True
********
header: 
  seq: 2192
  stamp: 
    secs: 1515079478
    nsecs: 780566893
  frame_id: "base_link"
height: 1
width: 8
fields: 
  - 
    name: "x"
    offset: 0
    datatype: 7
    count: 1
  - 
    name: "y"
    offset: 4
    datatype: 7
    count: 1
  - 
    name: "z"
    offset: 8
    datatype: 7
    count: 1
  - 
    name: "rgba"
    offset: 12
    datatype: 7
    count: 1
is_bigendian: False
point_step: 16
row_step: 128
data: [136, 10, 201, 64, 22, 238, 158, 63, 205, 204, 204, 61, 0, 255, 0, 192, 205, 204, 204, 64, 205, 204, 76, 62, 205, 204, 204, 61, 0, 255, 0, 192, 205, 204, 204, 64, 205, 204, 76, 190, 205, 204, 204, 61, 0, 255, 0, 192, 136, 10, 201, 64, 21, 238, 158, 191, 205, 204, 204, 61, 0, 255, 0, 192, 16, 21, 82, 192, 23, 238, 158, 63, 205, 204, 204, 61, 0, 255, 0, 192, 154, 153, 89, 192, 191, 204, 76, 62, 205, 204, 204, 61, 0, 255, 0, 192, 154, 153, 89, 192, 219, 204, 76, 190, 205, 204, 204, 61, 0, 255, 0, 192, 17, 21, 82, 192, 22, 238, 158, 191, 205, 204, 204, 61, 0, 255, 0, 192]
is_dense: True
********
header: 
  seq: 2193
  stamp: 
    secs: 1515079478
    nsecs: 981938089
  frame_id: "base_link"
height: 1
width: 8
fields: 
  - 
    name: "x"
    offset: 0
    datatype: 7
    count: 1
  - 
    name: "y"
    offset: 4
    datatype: 7
    count: 1
  - 
    name: "z"
    offset: 8
    datatype: 7
    count: 1
  - 
    name: "rgba"
    offset: 12
    datatype: 7
    count: 1
is_bigendian: False
point_step: 16
row_step: 128
data: [136, 10, 201, 64, 22, 238, 158, 63, 205, 204, 204, 61, 0, 255, 0, 192, 205, 204, 204, 64, 205, 204, 76, 62, 205, 204, 204, 61, 0, 255, 0, 192, 205, 204, 204, 64, 205, 204, 76, 190, 205, 204, 204, 61, 0, 255, 0, 192, 136, 10, 201, 64, 21, 238, 158, 191, 205, 204, 204, 61, 0, 255, 0, 192, 16, 21, 82, 192, 23, 238, 158, 63, 205, 204, 204, 61, 0, 255, 0, 192, 154, 153, 89, 192, 191, 204, 76, 62, 205, 204, 204, 61, 0, 255, 0, 192, 154, 153, 89, 192, 219, 204, 76, 190, 205, 204, 204, 61, 0, 255, 0, 192, 17, 21, 82, 192, 22, 238, 158, 191, 205, 204, 204, 61, 0, 255, 0, 192]
is_dense: True
********
header: 
  seq: 2194
  stamp: 
    secs: 1515079479
    nsecs: 183263053
  frame_id: "base_link"
height: 1
width: 8
fields: 
  - 
    name: "x"
    offset: 0
    datatype: 7
    count: 1
  - 
    name: "y"
    offset: 4
    datatype: 7
    count: 1
  - 
    name: "z"
    offset: 8
    datatype: 7
    count: 1
  - 
    name: "rgba"
    offset: 12
    datatype: 7
    count: 1
is_bigendian: False
point_step: 16
row_step: 128
data: [136, 10, 201, 64, 22, 238, 158, 63, 205, 204, 204, 61, 0, 255, 0, 192, 205, 204, 204, 64, 205, 204, 76, 62, 205, 204, 204, 61, 0, 255, 0, 192, 205, 204, 204, 64, 205, 204, 76, 190, 205, 204, 204, 61, 0, 255, 0, 192, 136, 10, 201, 64, 21, 238, 158, 191, 205, 204, 204, 61, 0, 255, 0, 192, 16, 21, 82, 192, 23, 238, 158, 63, 205, 204, 204, 61, 0, 255, 0, 192, 154, 153, 89, 192, 191, 204, 76, 62, 205, 204, 204, 61, 0, 255, 0, 192, 154, 153, 89, 192, 219, 204, 76, 190, 205, 204, 204, 61, 0, 255, 0, 192, 17, 21, 82, 192, 22, 238, 158, 191, 205, 204, 204, 61, 0, 255, 0, 192]
is_dense: True
********
header: 
  seq: 2195
  stamp: 
    secs: 1515079479
    nsecs: 384612058
  frame_id: "base_link"
height: 1
width: 8
fields: 
  - 
    name: "x"
    offset: 0
    datatype: 7
    count: 1
  - 
    name: "y"
    offset: 4
    datatype: 7
    count: 1
  - 
    name: "z"
    offset: 8
    datatype: 7
    count: 1
  - 
    name: "rgba"
    offset: 12
    datatype: 7
    count: 1
is_bigendian: False
point_step: 16
row_step: 128
data: [136, 10, 201, 64, 22, 238, 158, 63, 205, 204, 204, 61, 0, 255, 0, 192, 205, 204, 204, 64, 205, 204, 76, 62, 205, 204, 204, 61, 0, 255, 0, 192, 205, 204, 204, 64, 205, 204, 76, 190, 205, 204, 204, 61, 0, 255, 0, 192, 136, 10, 201, 64, 21, 238, 158, 191, 205, 204, 204, 61, 0, 255, 0, 192, 16, 21, 82, 192, 23, 238, 158, 63, 205, 204, 204, 61, 0, 255, 0, 192, 154, 153, 89, 192, 191, 204, 76, 62, 205, 204, 204, 61, 0, 255, 0, 192, 154, 153, 89, 192, 219, 204, 76, 190, 205, 204, 204, 61, 0, 255, 0, 192, 17, 21, 82, 192, 22, 238, 158, 191, 205, 204, 204, 61, 0, 255, 0, 192]
is_dense: True
********
